0.9615
2.0408
0.0000
0.0000
1.7544
0.0000
0.0000
2.0408
0.0000
1.8868
0.0000
0.0000
0.0000
0.0000
13.3333
10.7143
0.0000
3.1250
0.0000
0.0000
0.0000
8.6957
3.2258
11.7647
2.6667
0.0000
0.0000
0.0000
24.0000
4.0000
2.2222
2.0000
0.0000
9.0000
9.5000
10.8333
17.0000
12.0000
6.6667
5.4902
8.5000
19.0000
7.5000
31.2500
0.0000
6.6667
3.3333
0.1961
0.0000
0.5000
181.8182
0.8333
10.7143
37.5000
0.0000
4.0000
0.0000
0.0000
5.3846
6.6667
5.7692
20.0000
10.0000
1.6667
10.0000
0.0000
6.6667
0.0000
1.5385
8.3333
1.6129
0.0000
25.0000
0.0000
2.9412
12.5000
2.2727
2.5000
16.6667
6.0000
20.0000
0.0000
0.0000
1.4793
0.0000
0.0000
0.0000
3.3333
0.0000
11.6667
0.0000
0.0000
0.0000
0.0000
0.0000
6.6667
6.2500
1.2195
13.3333
7.0000
6.25
9.523809523809524
0.0
0.0
0.0
0.0
9.25925925925926
6.666666666666667
0.75
1.0
2.2222222222222223
13.043478260869565
9.375
4.444444444444445
20.0
16.666666666666668
5.970149253731344
0.0
8.955223880597014
0.0
0.0
4.237288135593221
4.237288135593221
5.769230769230769
0.0
9.25925925925926
9.25925925925926
83.33333333333333
11.764705882352942
11.11111111111111
3.75
12.5
6.410256410256411
11.11111111111111
2.5
14.814814814814815
17.391304347826086