2.8846
4.0816
0.0000
2.1739
5.2632
2.0833
2.8846
4.0816
0.0000
5.6604
2.0000
3.6145
5.8824
2.3256
26.6667
28.5714
4.7619
37.5000
0.0000
0.0000
0.0000
39.1304
9.6774
15.2941
4.8889
1.0753
0.0000
0.0000
36.0000
48.0000
8.8889
3.0000
11.0000
23.0000
20.0000
20.8333
25.0000
24.8000
20.0000
27.4510
21.0000
32.0000
20.0000
50.0000
0.0000
13.3333
6.6667
0.7843
0.0000
1.5000
100.0000
1.4583
35.7143
37.5000
0.0000
4.0000
0.0000
12.5000
10.7692
36.6667
15.3846
35.0000
18.3333
10.0000
14.0000
0.0000
46.6667
2.8846
2.3077
18.7500
14.5161
0.0000
42.8571
0.0000
2.9412
12.5000
11.3636
5.0000
26.6667
9.0000
30.0000
0.0000
0.0000
2.3669
0.0000
0.0000
0.0000
20.0000
0.0000
16.6667
20.0000
0.0000
0.0000
0.0000
10.0000
20.0000
43.7500
2.4390
23.3333
20.0000
9.375
9.523809523809524
0.0
0.0
0.0
3.3333333333333335
16.666666666666668
16.666666666666668
1.75
1.75
3.3333333333333335
17.391304347826086
12.5
6.666666666666667
23.333333333333332
25.0
7.462686567164179
16.666666666666668
10.447761194029852
0.0
0.0
5.932203389830509
5.932203389830509
15.384615384615385
0.3225806451612903
11.11111111111111
11.11111111111111
116.66666666666667
14.705882352941176
13.333333333333334
5.0
15.625
7.6923076923076925
12.962962962962964
3.75
16.666666666666668
21.73913043478261
11.764705882352942