1.0000
2.0000
1.0000
1.0000
2.0000
1.0000
1.0000
2.0000
1.0000
2.0000
1.0000
2.0000
2.0000
1.0000
3.0000
3.0000
2.0000
3.0000
1.0000
1.0000
1.0000
3.0000
2.0000
2.0000
2.0000
1.0000
1.0000
1.0000
3.0000
3.0000
2.0000
2.0000
2.0000
3.0000
3.0000
3.0000
3.0000
3.0000
3.0000
3.0000
3.0000
3.0000
3.0000
3.0000
1.0000
2.0000
2.0000
1.0000
1.0000
1.0000
3.0000
1.0000
3.0000
3.0000
1.0000
2.0000
1.0000
2.0000
2.0000
3.0000
2.0000
3.0000
2.0000
2.0000
2.0000
1.0000
3.0000
1.0000
1.0000
2.0000
2.0000
1.0000
3.0000
1.0000
1.0000
2.0000
2.0000
2.0000
3.0000
2.0000
3.0000
1.0000
1.0000
1.0000
1.0000
1.0000
1.0000
3.0000
1.0000
2.0000
3.0000
1.0000
1.0000
1.0000
2.0000
3.0000
3.0000
1.0000
3.0000
3.0000
2.0
2.0
1.0
1.0
1.0
2.0
2.0
2.0
1.0
1.0
1.0
2.0
2.0
2.0
2.0
2.0
2.0
2.0
2.0
1.0
1.0
2.0
2.0
2.0
1.0
2.0
2.0
3.0
2.0
2.0
2.0
2.0
2.0
2.0
2.0
2.0
2.0
2.0