3.8462
10.2041
4.0000
13.0435
5.2632
6.2500
1.9231
12.2449
3.0000
5.6604
0.0000
8.4337
14.7059
4.6512
0.0000
53.5714
0.0000
6.2500
0.0000
12.0000
14.0000
0.0000
6.4516
1.1765
2.6667
0.0000
4.0000
2.0000
53.0000
4.0000
7.7778
4.5000
1.0000
19.0000
5.0000
2.5000
87.0000
5.2000
5.0000
5.0980
29.0000
38.0000
32.5000
125.0000
0.0000
0.0000
56.6667
0.0000
17.1429
1.0000
9.0909
4.5833
0.0000
25.0000
100.0000
24.0000
83.3333
0.0000
13.8462
20.0000
7.6923
25.0000
26.6667
0.0000
28.0000
66.6667
6.6667
3.8462
24.6154
37.5000
0.0000
0.0000
28.5714
76.9231
58.8235
25.0000
9.0909
15.0000
0.0000
13.0000
0.0000
33.3333
6.2500
14.7929
4.4715
0.0000
26.6667
3.3333
6.6667
10.0000
0.0000
26.6667
0.0000
20.0000
26.6667
13.3333
12.5000
0.0000
0.0000
0.0000
9.375
9.523809523809524
2.5
84.61538461538461
30.0
30.0
18.51851851851852
33.333333333333336
3.0
12.0
1.4814814814814814
17.391304347826086
6.25
11.11111111111111
30.0
8.333333333333334
5.970149253731344
16.666666666666668
7.462686567164179
16.428571428571427
16.428571428571427
12.711864406779661
12.711864406779661
7.6923076923076925
0.0
9.25925925925926
9.25925925925926
66.66666666666667
5.882352941176471
8.88888888888889
5.0
6.25
7.6923076923076925
7.407407407407407
8.75
7.407407407407407
13.043478260869565
11.764705882352942