384.6154
632.6531
500.0000
608.6957
649.1228
145.8333
480.7692
285.7143
18.0000
396.2264
300.0000
373.4940
470.5882
651.1628
0.0000
32.1429
1528.5714
325.0000
3.0000
0.0000
0.0000
652.1739
806.4516
505.8824
201.3333
0.0000
69.0000
5.0000
120.0000
0.0000
374.4444
55.0000
173.0000
0.0000
685.0000
1083.3333
260.0000
625.2000
741.3333
827.4510
410.0000
420.0000
425.0000
1375.0000
39333.3333
766.6667
100.0000
35.2941
3.5714
440.0000
13636.3636
56.2500
428.5714
0.0000
0.0000
260.0000
125.0000
0.0000
161.5385
433.3333
730.7692
475.0000
350.0000
533.3333
220.0000
0.0000
400.0000
461.5385
492.3077
83.3333
0.0000
0.0000
0.0000
115.3846
323.5294
125.0000
954.5455
200.0000
600.0000
55.0000
1600.0000
0.0000
45.8333
79.8817
18.2927
0.0000
733.3333
966.6667
1000.0000
41.6667
733.3333
900.0000
1100.0000
50.0000
933.3333
833.3333
750.0000
804.8780
450.0000
820.0000
0.0
0.0
0.0
0.0
0.0
0.0
0.0
0.0
0.0
0.0
0.0
0.0
0.0
0.0
0.0
0.0
0.0
0.0
0.0
0.0
0.0
0.0
0.0
0.0
0.0
0.0
0.0
0.0
0.0
0.0
0.0
0.0
0.0
0.0
0.0
0.0
0.0