1.2500
2.2500
1.5000
1.7500
2.2500
1.2500
1.5000
2.0000
1.0000
2.0000
1.2500
1.7500
2.0000
1.5000
2.0000
2.5000
1.7500
2.2500
1.0000
1.2500
1.2500
2.5000
2.2500
2.2500
1.7500
1.0000
1.0000
1.0000
2.5000
1.7500
2.0000
1.5000
1.5000
2.5000
2.7500
2.5000
2.7500
2.7500
2.7500
2.7500
3.0000
3.0000
3.0000
3.0000
1.5000
2.2500
2.0000
1.0000
1.5000
1.5000
2.7500
1.0000
2.5000
2.5000
1.5000
2.2500
1.5000
1.2500
2.2500
3.0000
2.5000
3.0000
2.5000
2.0000
2.5000
1.5000
2.7500
1.5000
2.2500
2.2500
1.5000
1.0000
2.5000
1.5000
2.0000
2.2500
2.2500
2.2500
2.5000
2.0000
2.5000
1.5000
1.2500
1.2500
1.0000
1.0000
2.0000
2.2500
1.7500
2.0000
2.0000
2.0000
1.5000
1.5000
2.2500
2.7500
2.7500
1.5000
2.5000
2.5000
1.9999999999999978
2.0
1.75
2.0
1.75
2.0
2.0
2.0
1.75
1.75
1.75
2.0
2.0
2.0
2.0
2.0
2.0
2.0
2.0
1.75
1.75
2.0
2.0
2.0
1.75
2.0
2.0
2.75
2.0
2.0
2.0
2.0
2.0
2.0
2.0
2.0
2.0